0.0 1.99963
0.0 1.99976
0.0 1.99722
0.0 1.99939
0.0 2.0001
0.0 1.9975
0.0 1.99877
0.0 1.99976
0.0 1.99634
0.0 1.99646
-0.1 2.00678
-0.1 2.00582
-0.1 2.0074
-0.1 2.00497
-0.1 2.00614
-0.1 2.00514
-0.1 2.00685
-0.1 2.00731
-0.1 2.00493
-0.1 2.00846
-0.01 2.00235
-0.01 1.99907
-0.01 1.99858
-0.01 1.99732
-0.01 2.00075
-0.01 1.99977
-0.01 2.00136
-0.01 1.9983
-0.01 2.00163
-0.01 2.00404
-0.001 2.00136
-0.001 2.00019
-0.001 2.00334
-0.001 1.99553
-0.001 1.99854
-0.001 2.00034
-0.001 2.00334
-0.001 1.99972
-0.001 1.99844
-0.001 2.00125
-0.0001 1.99998
-0.0001 2.00068
-0.0001 1.99979
-0.0001 1.99917
-0.0001 2.00145
-0.0001 2.00347
-0.0001 1.99803
-0.0001 1.99991
-0.0001 2.00077
-0.0001 2.0012
-1.0e-05 2.00085
-1.0e-05 2.00113
-1.0e-05 1.99581
-1.0e-05 2.00078
-1.0e-05 1.99747
-1.0e-05 1.99651
-1.0e-05 2.00316
-1.0e-05 1.998
-1.0e-05 1.99954
-1.0e-05 2.00079
-1.0e-06 2.0036
-1.0e-06 1.99938
-1.0e-06 2.0006
-1.0e-06 2.00278
-1.0e-06 1.99991
-1.0e-06 2.00159
-1.0e-06 2.00086
-1.0e-06 2.00167
-1.0e-06 1.99776
-1.0e-06 1.99761
