0.0 5.66771
0.0 5.70309
0.0 5.69933
0.0 5.68502
0.0 5.64829
0.0 5.69235
0.0 5.66589
0.0 5.67823
0.0 5.67182
0.0 5.6827
-0.1 5.71102
-0.1 5.72325
-0.1 5.69646
-0.1 5.7337
-0.1 5.75411
-0.1 5.7293
-0.1 5.72807
-0.1 5.71724
-0.1 5.74328
-0.1 5.72327
-0.01 5.65784
-0.01 5.67754
-0.01 5.6904
-0.01 5.67363
-0.01 5.6633
-0.01 5.65981
-0.01 5.64476
-0.01 5.70738
-0.01 5.6941
-0.01 5.67215
-0.001 5.67574
-0.001 5.69351
-0.001 5.6597
-0.001 5.66353
-0.001 5.65793
-0.001 5.67611
-0.001 5.67141
-0.001 5.68633
-0.001 5.66769
-0.001 5.68037
-0.0001 5.68166
-0.0001 5.6806
-0.0001 5.68209
-0.0001 5.69199
-0.0001 5.67226
-0.0001 5.67652
-0.0001 5.69567
-0.0001 5.65172
-0.0001 5.67202
-0.0001 5.69521
-1.0e-05 5.67038
-1.0e-05 5.67036
-1.0e-05 5.66875
-1.0e-05 5.6844
-1.0e-05 5.66398
-1.0e-05 5.66556
-1.0e-05 5.69054
-1.0e-05 5.70014
-1.0e-05 5.67766
-1.0e-05 5.6984
-1.0e-06 5.66147
-1.0e-06 5.67864
-1.0e-06 5.65472
-1.0e-06 5.67396
-1.0e-06 5.68714
-1.0e-06 5.70136
-1.0e-06 5.68142
-1.0e-06 5.67992
-1.0e-06 5.69378
-1.0e-06 5.68386
