0.0 2.00267 1.00123 0.499905
0.0 1.99927 0.999972 0.499783
0.0 2.00085 0.99957 0.500287
0.0 2.00115 1.00195 0.500268
0.0 1.99845 0.998104 0.499701
0.0 1.99945 0.999341 0.499773
0.0 2.00106 1.00065 0.500508
0.0 2.00095 1.00109 0.50012
0.0 1.99707 0.99797 0.500159
0.0 2.00022 0.999633 0.499849
-0.1 2.00431 1.00382 0.499494
-0.1 2.00463 1.00328 0.500323
-0.1 2.00475 1.00293 0.500563
-0.1 2.0038 1.00269 0.500411
-0.1 2.00445 1.00045 0.500398
-0.1 2.00122 1.00173 0.500383
-0.1 2.00533 1.00457 0.500453
-0.1 2.00721 1.00282 0.500359
-0.1 2.00579 1.00251 0.500524
-0.1 2.00842 1.0072 0.500635
-0.01 2.00062 0.999276 0.499985
-0.01 2.00042 1.00022 0.499867
-0.01 2.00037 1.00074 0.499769
-0.01 1.99994 1.0012 0.499769
-0.01 2.00181 1.00081 0.499761
-0.01 1.99938 0.998718 0.499903
-0.01 2.00145 1.00212 0.499579
-0.01 2.00019 0.997954 0.499691
-0.01 2.00104 1.00018 0.499681
-0.01 1.99791 0.997129 0.500091
-0.001 1.99888 1.00088 0.499923
-0.001 1.99896 0.998973 0.499756
-0.001 2.0002 0.999997 0.499617
-0.001 1.99984 1.00048 0.500078
-0.001 1.99744 0.997006 0.500346
-0.001 1.99758 0.999899 0.500121
-0.001 1.99878 1.00029 0.500003
-0.001 1.99689 0.998843 0.499798
-0.001 2.00231 1.00065 0.499951
-0.001 1.99821 0.999324 0.500455
-0.0001 1.99853 0.998429 0.500439
-0.0001 1.99976 0.999274 0.500567
-0.0001 1.99626 0.996711 0.500077
-0.0001 1.99938 0.998733 0.499826
-0.0001 1.99703 0.997134 0.49974
-0.0001 2.00291 1.00098 0.499755
-0.0001 2.00057 1.00227 0.500049
-0.0001 1.9985 0.998791 0.500197
-0.0001 1.99867 0.999529 0.50075
-0.0001 2.00068 1.00042 0.500249
-1.0e-05 2.00191 1.00168 0.499897
-1.0e-05 2.00049 1.00027 0.500382
-1.0e-05 2.00055 0.999738 0.499756
-1.0e-05 2.00353 1.00077 0.500139
-1.0e-05 1.99945 1.00119 0.500165
-1.0e-05 2.00209 1.00163 0.499772
-1.0e-05 2.00075 1.00189 0.499904
-1.0e-05 2.00181 1.0006 0.499925
-1.0e-05 2.00015 0.999629 0.500235
-1.0e-05 1.99939 1.00128 0.499893
-1.0e-06 2.0005 1.00213 0.499985
-1.0e-06 2.00115 1.00115 0.499746
-1.0e-06 1.99492 0.995354 0.500091
-1.0e-06 1.99852 0.998139 0.499658
-1.0e-06 2.00404 1.00332 0.500225
-1.0e-06 1.99926 0.998302 0.499794
-1.0e-06 2.0011 1.00151 0.50056
-1.0e-06 1.9979 0.998546 0.499265
-1.0e-06 1.99971 1.00084 0.499979
-1.0e-06 2.00237 1.00166 0.500083
